6
15,15,22,24,31,35,38,40,46,50,54,62,63,70,78,86,92,100,115,130,138,149,158,165,170,174,180,189,195,200,210
0,1,1.789,2.578,3.367,4.156,4.945,5.734,6.523,7.312,8.101,8.890,9.679,10.468,11.257,12.046,12.835,13.624,14.413,15.202,16.364,17.727,19.091,20.455,21.818,23.182,24.545,25.909,27.273,28.636,30
#Vanilla
15,15,22,24,31,35,38,40,46,50,54,62,63,70,78,86,92,100,115,130,138,149,158,165,170,174,180,189,195,200,210
#2.2_Alpha_468
10,10,17.18908984,24.38314037,31.58233246,38.78686048,45.99693397,53.21277937,60.43464225,67.66278974,74.89751355,82.1391335,89.38800173,96.64450794,103.9090856,111.1822199,118.4644572,125.756418,133.0588123,140.3724609,147.6983234,155.0375364,162.3914673,169.7617927,177.1506159,184.5606535,191.9955497,199.4604493,206.9631719,214.5170666,222.1504664,230
#2.2_Beta_491
10,13,22,28,33,37,40,44,49,54,60,67,75,84,93,103,113,123,132,142,150,158,165,170,176,180,184,189,194,201,210
#2.2
10.769305218816912,19.252206127048204,24.92991563394758,29.058888416508438,32.61005965037137,36.30312283140244,40.639131968582156,45.931428148205185,52.334890469390814,59.87351135090404,68.46629620928756,77.9514875083043,88.1091131796908,98.68185941522123,109.3942678300823,119.97025699755875,130.14896835502913,139.69893648127365,148.43058374509127,156.20703932522804,162.9532826016169,168.66361091792638,173.40743171542277,177.33337903813936,180.67175440936163,183.73529207941607,186.91824864477715,190.69381703848038,195.60986489184356,202.28299726751004,211.3909437637897
