6
4,8,11,15,19,23,26,30,34,39,44,48,52,57,62,67,72,78,84,86,88,90,90,94,98,100,105,107,115,120,130
0,1,1.789,2.578,3.367,4.156,4.945,5.734,6.523,7.312,8.101,8.890,9.679,10.468,11.257,12.046,12.835,13.624,14.413,15.202,16.364,17.727,19.091,20.455,21.818,23.182,24.545,25.909,27.273,28.636,30
#Vanilla
4,4,4,6,8,10,10,17,20,22,31,35,40,48,55,64,70,78,84,86,88,90,90,94,98,100,105,107,115,120,130
#2.2_Alpha_468
4,10.17065844,16.27358993,22.30715836,28.26962633,34.15914482,39.97374121,45.7113056,51.36957491,56.94611432,62.43829545,67.84327066,73.15794226,78.37892555,83.50250391,88.52457363,93.44057522,98.24540693,102.9333139,107.4977434,111.9311527,116.2247458,120.3681042,124.348649,128.1508224,131.7547713,135.1340651,138.2513157,141.0483484,143.4172255,145
#2.2_Beta_491
4,4,5,7,9,12,17,23,30,38,47,56,64,71,78,84,88,91,93,94,95,95,96,97,100,103,108,113,119,124,128
#2.2
3.1489474893782576,8.683869377252046,13.096943693234305,17.131938791388514,21.284467035687356,25.845898382218294,30.94385702919998,36.579301134809334,42.66018560281953,49.03170793604862,55.50313715761902,61.8712258000277,67.94020496202722,73.53836243331746,78.53120388704802,82.83119714013202,86.40409948136943,89.27186806738239,91.5121533863611,93.25437578961903,94.6723850909618,95.97370323386366,97.38535002645668,99.13625194433024,101.43623400114156,104.45159468703537,108.27726397487979,112.905544394302,118.19143517354735,123.81453944913926,129.23755454336052
