6
4,9.921350482,15.80605499,21.65304332,27.46117331,33.22922307,38.95588201,44.63974044,50.27927745,55.87284668,61.41865957,66.9147653,72.35902683,77.74909179,83.08235689,86.26872860205306,90.88864817282743,94.68967763221713,97.79166277148772,100.39062862823619,102.74155530543263,105.13402934248506,107.86077063830368,111.17903492639918,115.2648918019854,120.16037830109588,125.71352803172707,131.51127585698055,136.8052381302328,140.43036848232103,140.71648916072996
0,1,2,3,4,5,6,7,8,9,10,11,12,13,14,15,16,17,18,19,20,21,22,23,24,25,26,27,28,29,30
#Vanilla
0,4,5,7,7,12,16,18,22,30,35,40,48,52,60,68,72,72,85,87,92,95,97,99,103,113,117,125,130,135,140
#2.2_Alpha_468
4,9.921350482,15.80605499,21.65304332,27.46117331,33.22922307,38.95588201,44.63974044,50.27927745,55.87284668,61.41865957,66.9147653,72.35902683,77.74909179,83.08235689,88.35592378,93.56654384,98.71054777,103.7837547,108.7813522,113.6977352,118.5262827,123.2590405,127.8862521,132.3956334,136.7711836,140.99108,145.0235289,148.8171422,152.2711864,155
#2.2_Beta_491
1.469,4.876,7.451,10.049,13.211,17.224,22.178,28.012,34.559,41.584,48.821,56.003,62.880,69.248,74.955,79.917,84.117,87.611,90.518,93.012,95.307,97.635,100.225,103.269,106.890,111.102,115.763,120.529,124.796,127.644,127.769
#2.2
-5.544350339570432,4.0756157882684505,10.132146712641909,14.380122444673177,18.05403119799983,21.957611927587674,26.546372420559944,32.002982939041814,38.30554541502029,45.288738197219274,52.697836349990055,60.235607504217214,67.60208326023957,74.52720614278665,80.79635210793067,86.26872860205306,90.88864817282743,94.68967763221713,97.79166277148772,100.39062862823619,102.74155530543263,105.13402934248506,107.86077063830368,111.17903492639918,115.2648918019854,120.16037830109588,125.71352803172707,131.51127585698055,136.8052381302328,140.43036848232103,140.71648916072996
