13
0,0,0,5,16,20,24,26,29,36,40,50,58,64,70,72,90,95,100,105,110,120,130,140,150,161,168,175,180,190,200
0,1,1.789,2.578,3.367,4.156,4.945,5.734,6.523,7.312,8.101,8.890,9.679,10.468,11.257,12.046,12.835,13.624,14.413,15.202,16.364,17.727,19.091,20.455,21.818,23.182,24.545,25.909,27.273,28.636,30
#Vanilla
0,0,0,5,16,20,24,26,29,36,40,50,58,64,70,72,95,100,108,115,128,135,146,153,161,161,168,175,180,190,200
#2.2_Alpha_468
0,0,6.972541135,13.95711671,20.95417861,27.96421307,34.98774476,42.02534142,49.07761939,56.14525003,63.22896743,70.32957746,77.44796884,84.5851264,91.74214745,98.92026205,106.1208584,113.3455151,120.5960428,127.8745393,135.1834624,142.5257307,149.9048656,157.3251972,164.7921764,172.312871,179.8968033,187.5574875,195.315594,203.2067024,211.307244,220
#2.2_Beta_491
0,0,2,7,12,16,21,27,35,43,52,62,72,82,93,103,113,122,131,138,145,151,155,159,163,166,170,174,178,184,191,200
#2.2
-3.7270868502803163,2.0350278451915713,6.628037405281954,10.861842379894231,15.330918083990746,20.44271829038901,26.44457738515802,33.44911098561463,41.45811502092015,50.3849632752769,60.07550339372497,70.32745135053898,80.90828438022524,91.57163237111838,102.07216772157905,112.17899365879055,121.68753102015644,130.42990349729843,138.28382134265308,145.17996353867,151.10785842960965,156.12026281594086,160.33603951133932,163.94153336228518,167.19044573026048,170.40220743654962,173.95885016963618,178.30037635520085,183.9186274887217,191.34965093067103,201.16456516431657
#3.0
^-3.727086850280071,6.676421416657624,-1.1006456990547417,0.19759337455550344,-0.01152029068749235,0.00026797946913290565,-2.0854686109674302e-06
