Player Stats
  Level      HP         MP         Str        Agi       XP    New Spells
      1    15( 16)     0(  3)     4(  6)     4(  6)       0   
      2    22( 22)     0(  3)     5(  7)     4(  6)       7   
      3    24( 24)     5(  7)     7(  9)     6(  8)      23   heal
      4    31( 30)    16( 17)     7(  9)     8( 10)      47   hurt
      5    35( 34)    20( 21)    12( 13)    10( 12)     110   
      6    38( 37)    24( 24)    16( 17)    10( 12)     220   
      7    40( 39)    26( 26)    18( 19)    17( 18)     450   sleep
      8    46( 44)    29( 29)    22( 22)    20( 21)     800   
      9    50( 48)    36( 35)    30( 30)    22( 22)    1300   radiant
     10    54( 51)    40( 39)    35( 34)    31( 30)    2000   stopspell
     11    62( 58)    50( 48)    40( 39)    35( 34)    2900   
     12    63( 59)    58( 55)    48( 46)    40( 39)    4000   outside
     13    70( 66)    64( 60)    52( 49)    48( 46)    5500   return
     14    78( 73)    70( 66)    60( 57)    55( 52)    7500   
     15    86( 80)    72( 67)    68( 64)    64( 60)   10000   repel
     16    92( 85)    95( 88)    72( 67)    70( 66)   13000   
     17   100( 93)   100( 93)    72( 67)    78( 73)   16000   healmore
     18   115(106)   108(100)    85( 79)    84( 78)   19000   
     19   130(120)   115(106)    87( 81)    86( 80)   22000   hurtmore
     20   138(127)   128(118)    92( 85)    88( 82)   26000   
     21   149(137)   135(124)    95( 88)    90( 84)   30000   
     22   158(145)   146(134)    97( 90)    90( 84)   34000   
     23   165(151)   153(140)    99( 92)    94( 87)   38000   
     24   170(156)   161(147)   103( 95)    98( 91)   42000   
     25   174(159)   161(147)   113(104)   100( 93)   46000   
     26   180(165)   168(154)   117(108)   105( 97)   50000   
     27   189(173)   175(160)   125(115)   107( 99)   54000   
     28   195(178)   180(165)   130(120)   115(106)   58000   
     29   200(183)   190(174)   135(124)   120(111)   62000   
     30   210(192)   200(183)   140(129)   130(120)   65535   


Monster Stats
              Name    HP   Str   Agi    XP   Gold  SR  SSR   HR  Dodge  Spells
             Slime     3     5     3     1     1    0   15    0      1  
         Red Slime     4     7     3     1     2    0   15    0      1  
            Drakee     6     9     6     2     2    0   15    0      1  
             Ghost     7    11     8     3     4    0   15    0      4  
          Magician    13    11    12     4    11    0    0    0      1  hurt (50%)
        Magidrakee    15    14    14     5    11    0    0    0      1  hurt (50%)
          Scorpion    20    18    16     6    15    0   15    0      1  
             Druin    22    20    18     7    15    0   15    0      2  
       Poltergeist    23    18    20     8    17    0    0    0      6  hurt (75%)
             Droll    25    24    24    10    24    0   14    0      2  
          Drakeema    20    22    26    11    19    2    0    0      6  heal (25%), hurt (50%)
          Skeleton    30    28    22    11    29    0   15    0      4  
           Warlock    30    28    22    13    34    3    1    0      2  sleep (25%), hurt (50%)
    Metal Scorpion    22    36    42    14    39    0   15    0      2  
              Wolf    34    40    30    16    49    1   15    0      2  
            Wraith    36    44    34    17    59    7    0    0      4  heal (25%)
       Metal Slime     4    10   255   115     5   15   15   15      1  hurt (75%)
           Specter    36    40    38    18    69    3    1    0      4  sleep (25%), hurt (75%)
          Wolflord    38    50    36    20    79    4    7    0      2  stopspell (50%)
         Druinlord    35    47    40    20    84   15    0    0      4  heal (75%), hurt (25%)
         Drollmagi    38    52    50    22    89    2    2    0      1  stopspell (50%)
            Wyvern    42    56    48    24    99    4   15    0      2  
    Rogue Scorpion    35    60    90    26   109    7   15    0      2  
     Wraith Knight    46    68    56    28   119    5    0    3      4  heal (75%)
             Golem    70   120    60     5     9   15   15   15      0  
           Goldman    50    48    40     6   199   13   15    0      1  
            Knight    55    76    78    33   129    6    7    0      1  stopspell (50%)
        Magiwyvern    58    78    68    34   139    2    0    0      2  sleep (50%)
      Demon Knight    50    79    64    37   149   15   15   15     15  
          Werewolf    60    86    70    40   154    7   15    0      7  
      Green Dragon    65    88    74    45   159    7   15    2      2  fire breath 1 (25%)
        Starwyvern    65    86    80    43   159    8    0    1      2  healmore (75%), fire breath 1 (25%)
            Wizard    65    80    70    50   164   15    7   15      2  hurtmore (50%)
        Axe Knight    70    94    82    54   164   15    3    1      1  sleep (25%)
       Blue Dragon    70    98    84    60   149   15   15    7      2  fire breath 1 (25%)
          Stoneman   160   100    40    65   139    2   15    7      1  
    Armored Knight    90   105    86    70   139   15    7    1      2  healmore (75%), hurtmore (25%)
        Red Dragon   100   120    90   100   139   15    7   15      2  sleep (25%), fire breath 1 (25%)
      Dragonlord 1   100    90    75     0     0   15   15   15      0  stopspell (25%), hurtmore (75%)
      Dragonlord 2   130   140   200     0     0   15   15   15      0  fire breath 2 (50%)
